1 552.9996225000001 9.999702000000001 651.9997935 89.999916
2 700.0000425 67.9998355 771.0001335 110.99976649999999
0 759.000267 0.9997969999999994 780.0003270000001 38.999877000000005
4 761.99994 9.999702 781.0002179999999 40.999904
4 732.9995775 10.000135000000002 750.9999644999999 44.000161
0 732.000078 1.0000134999999997 753.000138 39.9998905
1 147.0000285 81.00001100000001 555.0001875 377.99990699999995
4 349.00032600000003 13.000175500000001 384.00042599999995 52.000052499999995
1 235.00022399999997 22.000080499999996 359.99991 79.9999975
1 6.999628500000013 24.000107499999995 255.00000149999997 126.99998250000002
