0 157.99968800000002 3.9999555000000013 180.999896 36.9998965
4 157.000228 15.000264500000004 181.00020400000002 59.0000215
0 139.00039999999998 10.000011999999998 164.00014399999998 70.000084
4 140.99993600000002 22.999929000000005 164.000144 72.999989
0 88.00022 7.000353499999998 115.000116 56.00011649999999
4 86.000068 17.999923 120.000188 57.999971
0 50.999564 4.999759500000002 78.99984400000001 56.99992050000001
4 51.00017999999999 14.999771500000001 78.000076 56.99992050000001
0 362.999868 197.0000885 504.99957199999994 385.00021549999997
4 351.999956 245.0000475 538.999692 493.00024650000006
1 292.999784 82.00019699999999 590.99964 288.000247
1 228.00007999999997 37.000143 361.999792 127.00025100000002
1 2.000152 53.99976899999999 146.000008 193.999937
