0 275.0001085 29.999969999999998 314.99982149999994 92.99997
4 277.0000545 48.999982499999994 312.9998755 93.99993749999999
1 66.0002005 91.00003499999998 363.0001115 293.999895
1 46.999524 51.99988499999999 237.999918 177.999885
0 381.000022 10.000147499999999 400.00030200000003 52.0000425
4 381.00002200000006 25.9999425 398.000356 67.0000275
0 463.99976350000003 2.9999025000000015 480.0001244999999 34.9998075
3 462.000214 12.000082500000001 481.00049400000006 43.0001775
1 502.9995035 9.999989999999999 553.9997125000001 46.00008
1 571.0000464999999 9.999832500000004 637.9998234999999 60.9999075
1 620.999886 36.9999 711.999808 106.99982999999999
1 636.000274 40.99992750000001 767.999882 155.0000025
