1 605.00022 111.00020000000002 876.000468 328.000216
1 129.000296 8.999727999999987 462.000168 321.999824
2 7.00070000000002 332.999912 304.00026 445.00012
2 677.0002959999999 464.99993599999993 878.00012 663.999808
0 938.0006400000001 17.999800000000004 993.000112 113.99988
1 935.0003399999999 31.999912000000002 996.0004120000001 115.99989599999999
1 908.0003800000001 1.000351999999998 1028.0003239999999 63.00016
0 949.0006440000001 82.999976 1006.000316 191.00015199999999
4 940.999844 110.00019199999998 1011.000268 232.00048
3 495.00018 110.99985600000001 571.000108 131.000016
