3 240.99969950000002 224.9999395 384.0001725 278.0000125
3 590.9998815 220.99981400000001 737.0001205 265.999636
2 574.9995439999999 359.99995849999993 763.9996 500.0002035
2 25.00016399999999 361.000059 210.00053200000002 518.999901
4 720.999783 160.000043 860.999433 405.000057
4 564.9997955 56.999922000000005 627.0002445 144.00009400000002
4 685.9998704999999 37.000400500000005 729.9996095 117.0001455
0 725.9999215 94.0003225 849.9997625 262.00006349999995
0 571.999778 31.999898 627.999638 94.99987
0 685.9998704999999 17.9998735 727.9997655 77.9998205
